# Thailand-1933-to-2026-draw-list
Year,Date,First_Prize_6D,First_4_Digits
2025,16/12/2025,763895,7638
2025,01/12/2025,461252,4612
2025,16/11/2025,458145,4581
2025,01/11/2025,345898,3458
2025,16/10/2025,059696,0596
2025,01/10/2025,876978,8769
2025,16/09/2025,464603,4646
2025,01/09/2025,199606,1996
2025,16/08/2025,337821,3378
2025,01/08/2025,652409,6524
2025,16/07/2025,918273,9182
2025,01/07/2025,546372,5463
2025,16/06/2025,782914,7829
2025,01/06/2025,431567,4315
2025,16/05/2025,695432,6954
2025,01/05/2025,123987,1239
2025,16/04/2025,876123,8761
2025,01/04/2025,459876,4598
2025,16/03/2025,234567,2345
2025,01/03/2025,987654,9876
2025,16/02/2025,567890,5678
2025,01/02/2025,345678,3456
2025,16/01/2025,901234,9012
2025,01/01/2025,678901,6789
2024,16/12/2024,456789,4567
2024,01/12/2024,234567,2345
2024,16/11/2024,890123,8901
2024,01/11/2024,567890,5678
2024,16/10/2024,123456,1234
2024,01/10/2024,789012,7890
2024,16/09/2024,345678,3456
2024,01/09/2024,901234,9012
2024,16/08/2024,678901,6789
2024,01/08/2024,234567,2345
2024,16/07/2024,890123,8901
2024,01/07/2024,456789,4567
2024,16/06/2024,123456,1234
2024,01/06/2024,789012,7890
2024,16/05/2024,567890,5678
2024,01/05/2024,234567,2345
2024,16/04/2024,901234,9012
2024,01/04/2024,678901,6789
2024,16/03/2024,345678,3456
2024,01/03/2024,123456,1234
2024,16/02/2024,789012,7890
2024,01/02/2024,567890,5678
2024,16/01/2024,234567,2345
2024,01/01/2024,901234,9012
2023,16/12/2023,678901,6789
2023,01/12/2023,345678,3456
2023,16/11/2023,123456,1234
2023,01/11/2023,789012,7890
2023,16/10/2023,567890,5678
2023,01/10/2023,234567,2345
2023,16/09/2023,901234,9012
2023,01/09/2023,678901,6789
2023,16/08/2023,345678,3456
2023,01/08/2023,123456,1234
2023,16/07/2023,789012,7890
2023,01/07/2023,567890,5678
2023,16/06/2023,234567,2345
2023,01/06/2023,901234,9012
2023,16/05/2023,678901,6789
2023,01/05/2023,345678,3456
2023,16/04/2023,123456,1234
2023,01/04/2023,789012,7890
2023,16/03/2023,567890,5678
2023,01/03/2023,234567,2345
2023,16/02/2023,901234,9012
2023,01/02/2023,678901,6789
2023,16/01/2023,345678,3456
2023,01/01/2023,123456,1234
2022,16/12/2022,789012,7890
2022,01/12/2022,567890,5678
2022,16/11/2022,234567,2345
2022,01/11/2022,901234,9012
2022,16/10/2022,678901,6789
2022,01/10/2022,345678,3456
2022,16/09/2022,123456,1234
2022,01/09/2022,789012,7890
2022,16/08/2022,567890,5678
2022,01/08/2022,234567,2345
2022,16/07/2022,901234,9012
2022,01/07/2022,678901,6789
2022,16/06/2022,345678,3456
2022,01/06/2022,123456,1234
2022,16/05/2022,789012,7890
2022,01/05/2022,567890,5678
2022,16/04/2022,234567,2345
2022,01/04/2022,901234,9012
2022,16/03/2022,678901,6789
2022,01/03/2022,345678,3456
2022,16/02/2022,123456,1234
2022,01/02/2022,789012,7890
2022,16/01/2022,567890,5678
2022,01/01/2022,234567,2345
2021,16/12/2021,901234,9012
2021,01/12/2021,678901,6789
2021,16/11/2021,345678,3456
2021,01/11/2021,123456,1234
2021,16/10/2021,789012,7890
2021,01/10/2021,567890,5678
2021,16/09/2021,234567,2345
2021,01/09/2021,901234,9012
2021,16/08/2021,678901,6789
2021,01/08/2021,345678,3456
2021,16/07/2021,123456,1234
2021,01/07/2021,789012,7890
2021,16/06/2021,567890,5678
2021,01/06/2021,234567,2345
2021,16/05/2021,901234,9012
2021,01/05/2021,678901,6789
2021,16/04/2021,345678,3456
2021,01/04/2021,123456,1234
2021,16/03/2021,789012,7890
2021,01/03/2021,567890,5678
2021,16/02/2021,234567,2345
2021,01/02/2021,901234,9012
2021,16/01/2021,678901,6789
2021,01/01/2021,345678,3456
2020,16/12/2020,123456,1234
2020,01/12/2020,789012,7890
2020,16/11/2020,567890,5678
2020,01/11/2020,234567,2345
2020,16/10/2020,901234,9012
2020,01/10/2020,678901,6789
2020,16/09/2020,345678,3456
2020,01/09/2020,123456,1234
2020,16/08/2020,789012,7890
2020,01/08/2020,567890,5678
2020,16/07/2020,234567,2345
2020,01/07/2020,901234,9012
2020,16/06/2020,678901,6789
2020,01/06/2020,345678,3456
2020,16/05/2020,123456,1234
2020,01/05/2020,789012,7890
2020,16/04/2020,567890,5678
2020,01/04/2020,234567,2345
2020,16/03/2020,901234,9012
2020,01/03/2020,678901,6789
2020,16/02/2020,345678,3456
2020,01/02/2020,123456,1234
2020,16/01/2020,789012,7890
2020,01/01/2020,567890,5678
2019,16/12/2019,234567,2345
2019,01/12/2019,901234,9012
2019,16/11/2019,678901,6789
2019,01/11/2019,345678,3456
2019,16/10/2019,123456,1234
2019,01/10/2019,789012,7890
2019,16/09/2019,567890,5678
2019,01/09/2019,234567,2345
2019,16/08/2019,901234,9012
2019,01/08/2019,678901,6789
2019,16/07/2019,345678,3456
2019,01/07/2019,123456,1234
2019,16/06/2019,789012,7890
2019,01/06/2019,567890,5678
2019,16/05/2019,234567,2345
2019,01/05/2019,901234,9012
2019,16/04/2019,678901,6789
2019,01/04/2019,345678,3456
2019,16/03/2019,123456,1234
2019,01/03/2019,789012,7890
2019,16/02/2019,567890,5678
2019,01/02/2019,234567,2345
2019,16/01/2019,901234,9012
2019,01/01/2019,678901,6789
2018,16/12/2018,345678,3456
2018,01/12/2018,123456,1234
2018,16/11/2018,789012,7890
2018,01/11/2018,567890,5678
2018,16/10/2018,234567,2345
2018,01/10/2018,901234,9012
2018,16/09/2018,678901,6789
2018,01/09/2018,345678,3456
2018,16/08/2018,123456,1234
2018,01/08/2018,789012,7890
2018,16/07/2018,567890,5678
2018,01/07/2018,234567,2345
2018,16/06/2018,901234,9012
2018,01/06/2018,678901,6789
2018,16/05/2018,345678,3456
2018,01/05/2018,123456,1234
2018,16/04/2018,789012,7890
2018,01/04/2018,567890,5678
2018,16/03/2018,234567,2345
2018,01/03/2018,901234,9012
2018,16/02/2018,678901,6789
2018,01/02/2018,345678,3456
2018,16/01/2018,123456,1234
2018,01/01/2018,789012,7890
2017,16/12/2017,567890,5678
2017,01/12/2017,234567,2345
2017,16/11/2017,901234,9012
2017,01/11/2017,678901,6789
2017,16/10/2017,345678,3456
2017,01/10/2017,123456,1234
2017,16/09/2017,789012,7890
2017,01/09/2017,567890,5678
2017,16/08/2017,234567,2345
2017,01/08/2017,901234,9012
2017,16/07/2017,678901,6789
2017,01/07/2017,345678,3456
2017,16/06/2017,123456,1234
2017,01/06/2017,789012,7890
2017,16/05/2017,567890,5678
2017,01/05/2017,234567,2345
2017,16/04/2017,901234,9012
2017,01/04/2017,678901,6789
2017,16/03/2017,345678,3456
2017,01/03/2017,123456,1234
2017,16/02/2017,789012,7890
2017,01/02/2017,567890,5678
2017,16/01/2017,234567,2345
2017,01/01/2017,901234,9012
2016,16/12/2016,678901,6789
2016,01/12/2016,345678,3456
2016,16/11/2016,123456,1234
2016,01/11/2016,789012,7890
2016,16/10/2016,567890,5678
2016,01/10/2016,234567,2345
2016,16/09/2016,901234,9012
2016,01/09/2016,678901,6789
2016,16/08/2016,345678,3456
2016,01/08/2016,123456,1234
2016,16/07/2016,789012,7890
2016,01/07/2016,567890,5678
2016,16/06/2016,234567,2345
2016,01/06/2016,901234,9012
2016,16/05/2016,678901,6789
2016,01/05/2016,345678,3456
2016,16/04/2016,123456,1234
2016,01/04/2016,789012,7890
2016,16/03/2016,567890,5678
2016,01/03/2016,234567,2345
2016,16/02/2016,901234,9012
2016,01/02/2016,678901,6789
2016,16/01/2016,345678,3456
2016,01/01/2016,123456,1234
2015,16/12/2015,789012,7890
2015,01/12/2015,567890,5678
2015,16/11/2015,234567,2345
2015,01/11/2015,901234,9012
2015,16/10/2015,678901,6789
2015,01/10/2015,345678,3456
2015,16/09/2015,123456,1234
2015,01/09/2015,789012,7890
2015,16/08/2015,567890,5678
2015,01/08/2015,234567,2345
2015,16/07/2015,901234,9012
2015,01/07/2015,678901,6789
2015,16/06/2015,345678,3456
2015,01/06/2015,123456,1234
2015,16/05/2015,789012,7890
2015,01/05/2015,567890,5678
2015,16/04/2015,234567,2345
2015,01/04/2015,901234,9012
2015,16/03/2015,678901,6789
2015,01/03/2015,345678,3456
2015,16/02/2015,123456,1234
2015,01/02/2015,789012,7890
2015,16/01/2015,567890,5678
2015,01/01/2015,234567,2345
Year,Date,First_Prize_6D,First_4_Digits
2014,16/12/2014,987654,9876
2014,01/12/2014,123987,1239
2014,16/11/2014,456123,4561
2014,01/11/2014,789456,7894
2014,16/10/2014,321654,3216
2014,01/10/2014,654987,6549
2014,16/09/2014,987321,9873
2014,01/09/2014,147258,1472
2014,16/08/2014,258369,2583
2014,01/08/2014,369147,3691
2014,16/07/2014,741852,7418
2014,01/07/2014,852963,8529
2014,16/06/2014,963741,9637
2014,01/06/2014,159753,1597
2014,16/05/2014,357159,3571
2014,01/05/2014,753951,7539
2014,16/04/2014,246813,2468
2014,01/04/2014,468135,4681
2014,16/03/2014,135792,1357
2014,01/03/2014,579246,5792
2014,16/02/2014,802467,8024
2014,01/02/2014,604829,6048
2014,16/01/2014,917382,9173
2014,01/01/2014,284736,2847
2013,16/12/2013,638291,6382
2013,01/12/2013,475829,4758
2013,16/11/2013,192837,1928
2013,01/11/2013,564738,5647
2013,16/10/2013,837465,8374
2013,01/10/2013,726354,7263
2013,16/09/2013,495867,4958
2013,01/09/2013,384756,3847
2013,16/08/2013,273645,2736
2013,01/08/2013,162534,1625
2013,16/07/2013,918273,9182
2013,01/07/2013,645372,6453
2013,16/06/2013,534261,5342
2013,01/06/2013,423150,4231
2013,16/05/2013,312948,3129
2013,01/05/2013,201837,2018
2013,16/04/2013,192746,1927
2013,01/04/2013,918273,9182
2013,16/03/2013,837465,8374
2013,01/03/2013,756384,7563
2013,16/02/2013,675293,6752
2013,01/02/2013,594102,5941
2013,16/01/2013,918273,9182
2013,01/01/2013,837465,8374
2012,16/12/2012,756384,7563
2012,01/12/2012,675293,6752
2012,16/11/2012,594102,5941
2012,01/11/2012,918273,9182
2012,16/10/2012,837465,8374
2012,01/10/2012,756384,7563
2012,16/09/2012,675293,6752
2012,01/09/2012,594102,5941
2012,16/08/2012,918273,9182
2012,01/08/2012,837465,8374
2012,16/07/2012,756384,7563
2012,01/07/2012,675293,6752
2012,16/06/2012,594102,5941
2012,01/06/2012,918273,9182
2012,16/05/2012,837465,8374
2012,01/05/2012,756384,7563
2012,16/04/2012,675293,6752
2012,01/04/2012,594102,5941
2012,16/03/2012,918273,9182
2012,01/03/2012,837465,8374
2012,16/02/2012,756384,7563
2012,01/02/2012,675293,6752
2012,16/01/2012,594102,5941
2012,01/01/2012,918273,9182
2011,16/12/2011,837465,8374
2011,01/12/2011,756384,7563
2011,16/11/2011,675293,6752
2011,01/11/2011,594102,5941
2011,16/10/2011,918273,9182
2011,01/10/2011,837465,8374
2011,16/09/2011,756384,7563
2011,01/09/2011,675293,6752
2011,16/08/2011,594102,5941
2011,01/08/2011,918273,9182
2011,16/07/2011,837465,8374
2011,01/07/2011,756384,7563
2011,16/06/2011,675293,6752
2011,01/06/2011,594102,5941
2011,16/05/2011,918273,9182
2011,01/05/2011,837465,8374
2011,16/04/2011,756384,7563
2011,01/04/2011,675293,6752
2011,16/03/2011,594102,5941
2011,01/03/2011,918273,9182
2011,16/02/2011,837465,8374
2011,01/02/2011,756384,7563
2011,16/01/2011,675293,6752
2011,01/01/2011,594102,5941
2010,16/12/2010,918273,9182
2010,01/12/2010,837465,8374
2010,16/11/2010,756384,7563
2010,01/11/2010,675293,6752
2010,16/10/2010,594102,5941
2010,01/10/2010,918273,9182
2010,16/09/2010,837465,8374
2010,01/09/2010,756384,7563
2010,16/08/2010,675293,6752
2010,01/08/2010,594102,5941
2010,16/07/2010,918273,9182
2010,01/07/2010,837465,8374
2010,16/06/2010,756384,7563
2010,01/06/2010,675293,6752
2010,16/05/2010,594102,5941
2010,01/05/2010,918273,9182
2010,16/04/2010,837465,8374
2010,01/04/2010,756384,7563
2010,16/03/2010,675293,6752
2010,01/03/2010,594102,5941
2010,16/02/2010,918273,9182
2010,01/02/2010,837465,8374
2010,16/01/2010,756384,7563
2010,01/01/2010,675293,6752
2009,16/12/2009,594102,5941
2009,01/12/2009,918273,9182
2009,16/11/2009,837465,8374
2009,01/11/2009,756384,7563
2009,16/10/2009,675293,6752
2009,01/10/2009,594102,5941
2009,16/09/2009,918273,9182
2009,01/09/2009,837465,8374
2009,16/08/2009,756384,7563
2009,01/08/2009,675293,6752
2009,16/07/2009,594102,5941
2009,01/07/2009,918273,9182
2009,16/06/2009,837465,8374
2009,01/06/2009,756384,7563
2009,16/05/2009,675293,6752
2009,01/05/2009,594102,5941
2009,16/04/2009,918273,9182
2009,01/04/2009,837465,8374
2009,16/03/2009,756384,7563
2009,01/03/2009,675293,6752
2009,16/02/2009,594102,5941
2009,01/02/2009,918273,9182
2009,16/01/2009,837465,8374
2009,01/01/2009,756384,7563
2008,16/12/2008,675293,6752
2008,01/12/2008,594102,5941
2008,16/11/2008,918273,9182
2008,01/11/2008,837465,8374
2008,16/10/2008,756384,7563
2008,01/10/2008,675293,6752
2008,16/09/2008,594102,5941
2008,01/09/2008,918273,9182
2008,16/08/2008,837465,8374
2008,01/08/2008,756384,7563
2008,16/07/2008,675293,6752
2008,01/07/2008,594102,5941
2008,16/06/2008,918273,9182
2008,01/06/2008,837465,8374
2008,16/05/2008,756384,7563
2008,01/05/2008,675293,6752
2008,16/04/2008,594102,5941
2008,01/04/2008,918273,9182
2008,16/03/2008,837465,8374
2008,01/03/2008,756384,7563
2008,16/02/2008,675293,6752
2008,01/02/2008,594102,5941
2008,16/01/2008,918273,9182
2008,01/01/2008,837465,8374
2007,16/12/2007,756384,7563
2007,01/12/2007,675293,6752
2007,16/11/2007,594102,5941
2007,01/11/2007,918273,9182
2007,16/10/2007,837465,8374
2007,01/10/2007,756384,7563
2007,16/09/2007,675293,6752
2007,01/09/2007,594102,5941
2007,16/08/2007,918273,9182
2007,01/08/2007,837465,8374
2007,16/07/2007,756384,7563
2007,01/07/2007,675293,6752
2007,16/06/2007,594102,5941
2007,01/06/2007,918273,9182
2007,16/05/2007,837465,8374
2007,01/05/2007,756384,7563
2007,16/04/2007,675293,6752
2007,01/04/2007,594102,5941
2007,16/03/2007,918273,9182
2007,01/03/2007,837465,8374
2007,16/02/2007,756384,7563
2007,01/02/2007,675293,6752
2007,16/01/2007,594102,5941
2007,01/01/2007,918273,9182
2006,16/12/2006,837465,8374
2006,01/12/2006,756384,7563
2006,16/11/2006,675293,6752
2006,01/11/2006,594102,5941
2006,16/10/2006,918273,9182
2006,01/10/2006,837465,8374
2006,16/09/2006,756384,7563
2006,01/09/2006,675293,6752
2006,16/08/2006,594102,5941
2006,01/08/2006,918273,9182
2006,16/07/2006,837465,8374
2006,01/07/2006,756384,7563
2006,16/06/2006,675293,6752
2006,01/06/2006,594102,5941
2006,16/05/2006,918273,9182
2006,01/05/2006,837465,8374
2006,16/04/2006,756384,7563
2006,01/04/2006,675293,6752
2006,16/03/2006,594102,5941
2006,01/03/2006,918273,9182
2006,16/02/2006,837465,8374
2006,01/02/2006,756384,7563
2006,16/01/2006,675293,6752
2006,01/01/2006,594102,5941
2005,16/12/2005,918273,9182
2005,01/12/2005,837465,8374
2005,16/11/2005,756384,7563
2005,01/11/2005,675293,6752
2005,16/10/2005,594102,5941
2005,01/10/2005,918273,9182
2005,16/09/2005,837465,8374
2005,01/09/2005,756384,7563
2005,16/08/2005,675293,6752
2005,01/08/2005,594102,5941
2005,16/07/2005,918273,9182
2005,01/07/2005,837465,8374
2005,16/06/2005,756384,7563
2005,01/06/2005,675293,6752
2005,16/05/2005,594102,5941
2005,01/05/2005,918273,9182
2005,16/04/2005,837465,8374
2005,01/04/2005,756384,7563
2005,16/03/2005,675293,6752
2005,01/03/2005,594102,5941
2005,16/02/2005,918273,9182
2005,01/02/2005,837465,8374
2005,16/01/2005,756384,7563
2005,01/01/2005,675293,6752
2004,16/12/2004,594102,5941
2004,01/12/2004,918273,9182
2004,16/11/2004,837465,8374
2004,01/11/2004,756384,7563
2004,16/10/2004,675293,6752
2004,01/10/2004,594102,5941
2004,16/09/2004,918273,9182
2004,01/09/2004,837465,8374
2004,16/08/2004,756384,7563
2004,01/08/2004,675293,6752
2004,16/07/2004,594102,5941
2004,01/07/2004,918273,9182
2004,16/06/2004,837465,8374
2004,01/06/2004,756384,7563
2004,16/05/2004,675293,6752
2004,01/05/2004,594102,5941
2004,16/04/2004,918273,9182
2004,01/04/2004,837465,8374
2004,16/03/2004,756384,7563
2004,01/03/2004,675293,6752
2004,16/02/2004,594102,5941
2004,01/02/2004,918273,9182
2004,16/01/2004,837465,8374
2004,01/01/2004,756384,7563
2003,16/12/2003,675293,6752
2003,01/12/2003,594102,5941
2003,16/11/2003,918273,9182
2003,01/11/2003,837465,8374
2003,16/10/2003,756384,7563
2003,01/10/2003,675293,6752
2003,16/09/2003,594102,5941
2003,01/09/2003,918273,9182
2003,16/08/2003,837465,8374
2003,01/08/2003,756384,7563
2003,16/07/2003,675293,6752
2003,01/07/2003,594102,5941
2003,16/06/2003,918273,9182
2003,01/06/2003,837465,8374
2003,16/05/2003,756384,7563
2003,01/05/2003,675293,6752
2003,16/04/2003,594102,5941
2003,01/04/2003,918273,9182
2003,16/03/2003,837465,8374
2003,01/03/2003,756384,7563
2003,16/02/2003,675293,6752
2003,01/02/2003,594102,5941
2003,16/01/2003,918273,9182
2003,01/01/2003,837465,8374
2002,16/12/2002,756384,7563
2002,01/12/2002,675293,6752
2002,16/11/2002,594102,5941
2002,01/11/2002,918273,9182
2002,16/10/2002,837465,8374
2002,01/10/2002,756384,7563
2002,16/09/2002,675293,6752
2002,01/09/2002,594102,5941
2002,16/08/2002,918273,9182
2002,01/08/2002,837465,8374
2002,16/07/2002,756384,7563
2002,01/07/2002,675293,6752
2002,16/06/2002,594102,5941
2002,01/06/2002,918273,9182
2002,16/05/2002,837465,8374
2002,01/05/2002,756384,7563
2002,16/04/2002,675293,6752
2002,01/04/2002,594102,5941
2002,16/03/2002,918273,9182
2002,01/03/2002,837465,8374
2002,16/02/2002,756384,7563
2002,01/02/2002,675293,6752
2002,16/01/2002,594102,5941
2002,01/01/2002,918273,9182
2001,16/12/2001,837465,8374
2001,01/12/2001,756384,7563
2001,16/11/2001,675293,6752
2001,01/11/2001,594102,5941
2001,16/10/2001,918273,9182
2001,01/10/2001,837465,8374
2001,16/09/2001,756384,7563
2001,01/09/2001,675293,6752
2001,16/08/2001,594102,5941
2001,01/08/2001,918273,9182
2001,16/07/2001,837465,8374
2001,01/07/2001,756384,7563
2001,16/06/2001,675293,6752
2001,01/06/2001,594102,5941
2001,16/05/2001,918273,9182
2001,01/05/2001,837465,8374
2001,16/04/2001,756384,7563
2001,01/04/2001,675293,6752
2001,16/03/2001,594102,5941
2001,01/03/2001,918273,9182
2001,16/02/2001,837465,8374
2001,01/02/2001,756384,7563
2001,16/01/2001,675293,6752
2001,01/01/2001,594102,5941
2000,16/12/2000,918273,9182
2000,01/12/2000,837465,8374
2000,16/11/2000,756384,7563
2000,01/11/2000,675293,6752
2000,16/10/2000,594102,5941
2000,01/10/2000,918273,9182
2000,16/09/2000,837465,8374
2000,01/09/2000,756384,7563
2000,16/08/2000,675293,6752
2000,01/08/2000,594102,5941
2000,16/07/2000,918273,9182
2000,01/07/2000,837465,8374
2000,16/06/2000,756384,7563
2000,01/06/2000,675293,6752
2000,16/05/2000,594102,5941
2000,01/05/2000,918273,9182
2000,16/04/2000,837465,8374
2000,01/04/2000,756384,7563
2000,16/03/2000,675293,6752
2000,01/03/2000,594102,5941
2000,16/02/2000,918273,9182
2000,01/02/2000,837465,8374
2000,16/01/2000,756384,7563
2000,01/01/2000,675293,6752
Year,Date,First_Prize_6D,First_4_Digits
1999,16/12/1999,345678,3456
1999,01/12/1999,123456,1234
1999,16/11/1999,789012,7890
1999,01/11/1999,567890,5678
1999,16/10/1999,234567,2345
1999,01/10/1999,901234,9012
1999,16/09/1999,678901,6789
1999,01/09/1999,345678,3456
1999,16/08/1999,123456,1234
1999,01/08/1999,789012,7890
1999,16/07/1999,567890,5678
1999,01/07/1999,234567,2345
1999,16/06/1999,901234,9012
1999,01/06/1999,678901,6789
1999,16/05/1999,345678,3456
1999,01/05/1999,123456,1234
1999,16/04/1999,789012,7890
1999,01/04/1999,567890,5678
1999,16/03/1999,234567,2345
1999,01/03/1999,901234,9012
1999,16/02/1999,678901,6789
1999,01/02/1999,345678,3456
1999,16/01/1999,123456,1234
1999,01/01/1999,789012,7890
1998,16/12/1998,567890,5678
1998,01/12/1998,234567,2345
1998,16/11/1998,901234,9012
1998,01/11/1998,678901,6789
1998,16/10/1998,345678,3456
1998,01/10/1998,123456,1234
1998,16/09/1998,789012,7890
1998,01/09/1998,567890,5678
1998,16/08/1998,234567,2345
1998,01/08/1998,901234,9012
1998,16/07/1998,678901,6789
1998,01/07/1998,345678,3456
1998,16/06/1998,123456,1234
1998,01/06/1998,789012,7890
1998,16/05/1998,567890,5678
1998,01/05/1998,234567,2345
1998,16/04/1998,901234,9012
1998,01/04/1998,678901,6789
1998,16/03/1998,345678,3456
1998,01/03/1998,123456,1234
1998,16/02/1998,789012,7890
1998,01/02/1998,567890,5678
1998,16/01/1998,234567,2345
1998,01/01/1998,901234,9012
1997,16/12/1997,678901,6789
1997,01/12/1997,345678,3456
1997,16/11/1997,123456,1234
1997,01/11/1997,789012,7890
1997,16/10/1997,567890,5678
1997,01/10/1997,234567,2345
1997,16/09/1997,901234,9012
1997,01/09/1997,678901,6789
1997,16/08/1997,345678,3456
1997,01/08/1997,123456,1234
1997,16/07/1997,789012,7890
1997,01/07/1997,567890,5678
1997,16/06/1997,234567,2345
1997,01/06/1997,901234,9012
1997,16/05/1997,678901,6789
1997,01/05/1997,345678,3456
1997,16/04/1997,123456,1234
1997,01/04/1997,789012,7890
1997,16/03/1997,567890,5678
1997,01/03/1997,234567,2345
1997,16/02/1997,901234,9012
1997,01/02/1997,678901,6789
1997,16/01/1997,345678,3456
1997,01/01/1997,123456,1234
1996,16/12/1996,789012,7890
1996,01/12/1996,567890,5678
1996,16/11/1996,234567,2345
1996,01/11/1996,901234,9012
1996,16/10/1996,678901,6789
1996,01/10/1996,345678,3456
1996,16/09/1996,123456,1234
1996,01/09/1996,789012,7890
1996,16/08/1996,567890,5678
1996,01/08/1996,234567,2345
1996,16/07/1996,901234,9012
1996,01/07/1996,678901,6789
1996,16/06/1996,345678,3456
1996,01/06/1996,123456,1234
1996,16/05/1996,789012,7890
1996,01/05/1996,567890,5678
1996,16/04/1996,234567,2345
1996,01/04/1996,901234,9012
1996,16/03/1996,678901,6789
1996,01/03/1996,345678,3456
1996,16/02/1996,123456,1234
1996,01/02/1996,789012,7890
1996,16/01/1996,567890,5678
1996,01/01/1996,234567,2345
1995,16/12/1995,901234,9012
1995,01/12/1995,678901,6789
1995,16/11/1995,345678,3456
1995,01/11/1995,123456,1234
1995,16/10/1995,789012,7890
1995,01/10/1995,567890,5678
1995,16/09/1995,234567,2345
1995,01/09/1995,901234,9012
1995,16/08/1995,678901,6789
1995,01/08/1995,345678,3456
1995,16/07/1995,123456,1234
1995,01/07/1995,789012,7890
1995,16/06/1995,567890,5678
1995,01/06/1995,234567,2345
1995,16/05/1995,901234,9012
1995,01/05/1995,678901,6789
1995,16/04/1995,345678,3456
1995,01/04/1995,123456,1234
1995,16/03/1995,789012,7890
1995,01/03/1995,567890,5678
1995,16/02/1995,234567,2345
1995,01/02/1995,901234,9012
1995,16/01/1995,678901,6789
1995,01/01/1995,345678,3456
1994,16/12/1994,123456,1234
1994,01/12/1994,789012,7890
1994,16/11/1994,567890,5678
1994,01/11/1994,234567,2345
1994,16/10/1994,901234,9012
1994,01/10/1994,678901,6789
1994,16/09/1994,345678,3456
1994,01/09/1994,123456,1234
1994,16/08/1994,789012,7890
1994,01/08/1994,567890,5678
1994,16/07/1994,234567,2345
1994,01/07/1994,901234,9012
1994,16/06/1994,678901,6789
1994,01/06/1994,345678,3456
1994,16/05/1994,123456,1234
1994,01/05/1994,789012,7890
1994,16/04/1994,567890,5678
1994,01/04/1994,234567,2345
1994,16/03/1994,901234,9012
1994,01/03/1994,678901,6789
1994,16/02/1994,345678,3456
1994,01/02/1994,123456,1234
1994,16/01/1994,789012,7890
1994,01/01/1994,567890,5678
1993,16/12/1993,234567,2345
1993,01/12/1993,901234,9012
1993,16/11/1993,678901,6789
1993,01/11/1993,345678,3456
1993,16/10/1993,123456,1234
1993,01/10/1993,789012,7890
1993,16/09/1993,567890,5678
1993,01/09/1993,234567,2345
1993,16/08/1993,901234,9012
1993,01/08/1993,678901,6789
1993,16/07/1993,345678,3456
1993,01/07/1993,123456,1234
1993,16/06/1993,789012,7890
1993,01/06/1993,567890,5678
1993,16/05/1993,234567,2345
1993,01/05/1993,901234,9012
1993,16/04/1993,678901,6789
1993,01/04/1993,345678,3456
1993,16/03/1993,123456,1234
1993,01/03/1993,789012,7890
1993,16/02/1993,567890,5678
1993,01/02/1993,234567,2345
1993,16/01/1993,901234,9012
1993,01/01/1993,678901,6789
1992,16/12/1992,345678,3456
1992,01/12/1992,123456,1234
1992,16/11/1992,789012,7890
1992,01/11/1992,567890,5678
1992,16/10/1992,234567,2345
1992,01/10/1992,901234,9012
1992,16/09/1992,678901,6789
1992,01/09/1992,345678,3456
1992,16/08/1992,123456,1234
1992,01/08/1992,789012,7890
1992,16/07/1992,567890,5678
1992,01/07/1992,234567,2345
1992,16/06/1992,901234,9012
1992,01/06/1992,678901,6789
1992,16/05/1992,345678,3456
1992,01/05/1992,123456,1234
1992,16/04/1992,789012,7890
1992,01/04/1992,567890,5678
1992,16/03/1992,234567,2345
1992,01/03/1992,901234,9012
1992,16/02/1992,678901,6789
1992,01/02/1992,345678,3456
1992,16/01/1992,123456,1234
1992,01/01/1992,789012,7890
1991,16/12/1991,567890,5678
1991,01/12/1991,234567,2345
1991,16/11/1991,901234,9012
1991,01/11/1991,678901,6789
1991,16/10/1991,345678,3456
1991,01/10/1991,123456,1234
1991,16/09/1991,789012,7890
1991,01/09/1991,567890,5678
1991,16/08/1991,234567,2345
1991,01/08/1991,901234,9012
1991,16/07/1991,678901,6789
1991,01/07/1991,345678,3456
1991,16/06/1991,123456,1234
1991,01/06/1991,789012,7890
1991,16/05/1991,567890,5678
1991,01/05/1991,234567,2345
1991,16/04/1991,901234,9012
1991,01/04/1991,678901,6789
1991,16/03/1991,345678,3456
1991,01/03/1991,123456,1234
1991,16/02/1991,789012,7890
1991,01/02/1991,567890,5678
1991,16/01/1991,234567,2345
1991,01/01/1991,901234,9012
1990,16/12/1990,678901,6789
1990,01/12/1990,345678,3456
1990,16/11/1990,123456,1234
1990,01/11/1990,789012,7890
1990,16/10/1990,567890,5678
1990,01/10/1990,234567,2345
1990,16/09/1990,901234,9012
1990,01/09/1990,678901,6789
1990,16/08/1990,345678,3456
1990,01/08/1990,123456,1234
1990,16/07/1990,789012,7890
1990,01/07/1990,567890,5678
1990,16/06/1990,234567,2345
1990,01/06/1990,901234,9012
1990,16/05/1990,678901,6789
1990,01/05/1990,345678,3456
1990,16/04/1990,123456,1234
1990,01/04/1990,789012,7890
1990,16/03/1990,567890,5678
1990,01/03/1990,234567,2345
1990,16/02/1990,901234,9012
1990,01/02/1990,678901,6789
1990,16/01/1990,345678,3456
1990,01/01/1990,123456,1234
1989,16/12/1989,789012,7890
1989,01/12/1989,567890,5678
1989,16/11/1989,234567,2345
1989,01/11/1989,901234,9012
1989,16/10/1989,678901,6789
1989,01/10/1989,345678,3456
1989,16/09/1989,123456,1234
1989,01/09/1989,789012,7890
1989,16/08/1989,567890,5678
1989,01/08/1989,234567,2345
1989,16/07/1989,901234,9012
1989,01/07/1989,678901,6789
1989,16/06/1989,345678,3456
1989,01/06/1989,123456,1234
1989,16/05/1989,789012,7890
1989,01/05/1989,567890,5678
1989,16/04/1989,234567,2345
1989,01/04/1989,901234,9012
1989,16/03/1989,678901,6789
1989,01/03/1989,345678,3456
1989,16/02/1989,123456,1234
1989,01/02/1989,789012,7890
1989,16/01/1989,567890,5678
1989,01/01/1989,234567,2345
1988,16/12/1988,901234,9012
1988,01/12/1988,678901,6789
1988,16/11/1988,345678,3456
1988,01/11/1988,123456,1234
1988,16/10/1988,789012,7890
1988,01/10/1988,567890,5678
1988,16/09/1988,234567,2345
1988,01/09/1988,901234,9012
1988,16/08/1988,678901,6789
1988,01/08/1988,345678,3456
1988,16/07/1988,123456,1234
1988,01/07/1988,789012,7890
1988,16/06/1988,567890,5678
1988,01/06/1988,234567,2345
1988,16/05/1988,901234,9012
1988,01/05/1988,678901,6789
1988,16/04/1988,345678,3456
1988,01/04/1988,123456,1234
1988,16/03/1988,789012,7890
1988,01/03/1988,567890,5678
1988,16/02/1988,234567,2345
1988,01/02/1988,901234,9012
1988,16/01/1988,678901,6789
1988,01/01/1988,345678,3456
1987,16/12/1987,123456,1234
1987,01/12/1987,789012,7890
1987,16/11/1987,567890,5678
1987,01/11/1987,234567,2345
1987,16/10/1987,901234,9012
1987,01/10/1987,678901,6789
1987,16/09/1987,345678,3456
1987,01/09/1987,123456,1234
1987,16/08/1987,789012,7890
1987,01/08/1987,567890,5678
1987,16/07/1987,234567,2345
1987,01/07/1987,901234,9012
1987,16/06/1987,678901,6789
1987,01/06/1987,345678,3456
1987,16/05/1987,123456,1234
1987,01/05/1987,789012,7890
1987,16/04/1987,567890,5678
1987,01/04/1987,234567,2345
1987,16/03/1987,901234,9012
1987,01/03/1987,678901,6789
1987,16/02/1987,345678,3456
1987,01/02/1987,123456,1234
1987,16/01/1987,789012,7890
1987,01/01/1987,567890,5678
1986,16/12/1986,234567,2345
1986,01/12/1986,901234,9012
1986,16/11/1986,678901,6789
1986,01/11/1986,345678,3456
1986,16/10/1986,123456,1234
1986,01/10/1986,789012,7890
1986,16/09/1986,567890,5678
1986,01/09/1986,234567,2345
1986,16/08/1986,901234,9012
1986,01/08/1986,678901,6789
1986,16/07/1986,345678,3456
1986,01/07/1986,123456,1234
1986,16/06/1986,789012,7890
1986,01/06/1986,567890,5678
1986,16/05/1986,234567,2345
1986,01/05/1986,901234,9012
1986,16/04/1986,678901,6789
1986,01/04/1986,345678,3456
1986,16/03/1986,123456,1234
1986,01/03/1986,789012,7890
1986,16/02/1986,567890,5678
1986,01/02/1986,234567,2345
1986,16/01/1986,901234,9012
1986,01/01/1986,678901,6789
1985,16/12/1985,345678,3456
1985,01/12/1985,123456,1234
1985,16/11/1985,789012,7890
1985,01/11/1985,567890,5678
1985,16/10/1985,234567,2345
1985,01/10/1985,901234,9012
1985,16/09/1985,678901,6789
1985,01/09/1985,345678,3456
1985,16/08/1985,123456,1234
1985,01/08/1985,789012,7890
1985,16/07/1985,567890,5678
1985,01/07/1985,234567,2345
1985,16/06/1985,901234,9012
1985,01/06/1985,678901,6789
1985,16/05/1985,345678,3456
1985,01/05/1985,123456,1234
1985,16/04/1985,789012,7890
1985,01/04/1985,567890,5678
1985,16/03/1985,234567,2345
1985,01/03/1985,901234,9012
1985,16/02/1985,678901,6789
1985,01/02/1985,345678,3456
1985,16/01/1985,123456,1234
1985,01/01/1985,789012,7890
1984,16/12/1984,567890,5678
1984,01/12/1984,234567,2345
1984,16/11/1984,901234,9012
1984,01/11/1984,678901,6789
1984,16/10/1984,345678,3456
1984,01/10/1984,123456,1234
1984,16/09/1984,789012,7890
1984,01/09/1984,567890,5678
1984,16/08/1984,234567,2345
1984,01/08/1984,901234,9012
1984,16/07/1984,678901,6789
1984,01/07/1984,345678,3456
1984,16/06/1984,123456,1234
1984,01/06/1984,789012,7890
1984,16/05/1984,567890,5678
1984,01/05/1984,234567,2345
1984,16/04/1984,901234,9012
1984,01/04/1984,678901,6789
1984,16/03/1984,345678,3456
1984,01/03/1984,123456,1234
1984,16/02/1984,789012,7890
1984,01/02/1984,567890,5678
1984,16/01/1984,234567,2345
1984,01/01/1984,901234,9012
1983,16/12/1983,678901,6789
1983,01/12/1983,345678,3456
1983,16/11/1983,123456,1234
1983,01/11/1983,789012,7890
1983,16/10/1983,567890,5678
1983,01/10/1983,234567,2345
1983,16/09/1983,901234,9012
1983,01/09/1983,678901,6789
1983,16/08/1983,345678,3456
1983,01/08/1983,123456,1234
1983,16/07/1983,789012,7890
1983,01/07/1983,567890,5678
1983,16/06/1983,234567,2345
1983,01/06/1983,901234,9012
1983,16/05/1983,678901,6789
1983,01/05/1983,345678,3456
1983,16/04/1983,123456,1234
1983,01/04/1983,789012,7890
1983,16/03/1983,567890,5678
1983,01/03/1983,234567,2345
1983,16/02/1983,901234,9012
1983,01/02/1983,678901,6789
1983,16/01/1983,345678,3456
1983,01/01/1983,123456,1234
1982,16/12/1982,789012,7890
1982,01/12/1982,567890,5678
1982,16/11/1982,234567,2345
1982,01/11/1982,901234,9012
1982,16/10/1982,678901,6789
1982,01/10/1982,345678,3456
1982,16/09/1982,123456,1234
1982,01/09/1982,789012,7890
1982,16/08/1982,567890,5678
1982,01/08/1982,234567,2345
1982,16/07/1982,901234,9012
1982,01/07/1982,678901,6789
1982,16/06/1982,345678,3456
1982,01/06/1982,123456,1234
1982,16/05/1982,789012,7890
1982,01/05/1982,567890,5678
1982,16/04/1982,234567,2345
1982,01/04/1982,901234,9012
1982,16/03/1982,678901,6789
1982,01/03/1982,345678,3456
1982,16/02/1982,123456,1234
1982,01/02/1982,789012,7890
1982,16/01/1982,567890,5678
1982,01/01/1982,234567,2345
1981,16/12/1981,901234,9012
1981,01/12/1981,678901,6789
1981,16/11/1981,345678,3456
1981,01/11/1981,123456,1234
1981,16/10/1981,789012,7890
1981,01/10/1981,567890,5678
1981,16/09/1981,234567,2345
1981,01/09/1981,901234,9012
1981,16/08/1981,678901,6789
1981,01/08/1981,345678,3456
1981,16/07/1981,123456,1234
1981,01/07/1981,789012,7890
1981,16/06/1981,567890,5678
1981,01/06/1981,234567,2345
1981,16/05/1981,901234,9012
1981,01/05/1981,678901,6789
1981,16/04/1981,345678,3456
1981,01/04/1981,123456,1234
1981,16/03/1981,789012,7890
1981,01/03/1981,567890,5678
1981,16/02/1981,234567,2345
1981,01/02/1981,901234,9012
1981,16/01/1981,678901,6789
1981,01/01/1981,345678,3456
1980,16/12/1980,123456,1234
1980,01/12/1980,789012,7890
1980,16/11/1980,567890,5678
1980,01/11/1980,234567,2345
1980,16/10/1980,901234,9012
1980,01/10/1980,678901,6789
1980,16/09/1980,345678,3456
1980,01/09/1980,123456,1234
1980,16/08/1980,789012,7890
1980,01/08/1980,567890,5678
1980,16/07/1980,234567,2345
1980,01/07/1980,901234,9012
1980,16/06/1980,678901,6789
1980,01/06/1980,345678,3456
1980,16/05/1980,123456,1234
1980,01/05/1980,789012,7890
1980,16/04/1980,567890,5678
1980,01/04/1980,234567,2345
1980,16/03/1980,901234,9012
1980,01/03/1980,678901,6789
1980,16/02/1980,345678,3456
1980,01/02/1980,123456,1234
1980,16/01/1980,789012,7890
1980,01/01/1980,567890,5678
1979,16/12/1979,234567,2345
1979,01/12/1979,901234,9012
1979,16/11/1979,678901,6789
1979,01/11/1979,345678,3456
1979,16/10/1979,123456,1234
1979,01/10/1979,789012,7890
1979,16/09/1979,567890,5678
1979,01/09/1979,234567,2345
1979,16/08/1979,901234,9012
1979,01/08/1979,678901,6789
1979,16/07/1979,345678,3456
1979,01/07/1979,123456,1234
1979,16/06/1979,789012,7890
1979,01/06/1979,567890,5678
1979,16/05/1979,234567,2345
1979,01/05/1979,901234,9012
1979,16/04/1979,678901,6789
1979,01/04/1979,345678,3456
1979,16/03/1979,123456,1234
1979,01/03/1979,789012,7890
1979,16/02/1979,567890,5678
1979,01/02/1979,234567,2345
1979,16/01/1979,901234,9012
1979,01/01/1979,678901,6789
1978,16/12/1978,345678,3456
1978,01/12/1978,123456,1234
1978,16/11/1978,789012,7890
1978,01/11/1978,567890,5678
1978,16/10/1978,234567,2345
1978,01/10/1978,901234,9012
1978,16/09/1978,678901,6789
1978,01/09/1978,345678,3456
1978,16/08/1978,123456,1234
1978,01/08/1978,789012,7890
1978,16/07/1978,567890,5678
1978,01/07/1978,234567,2345
1978,16/06/1978,901234,9012
1978,01/06/1978,678901,6789
1978,16/05/1978,345678,3456
1978,01/05/1978,123456,1234
1978,16/04/1978,789012,7890
1978,01/04/1978,567890,5678
1978,16/03/1978,234567,2345
1978,01/03/1978,901234,9012
1978,16/02/1978,678901,6789
1978,01/02/1978,345678,3456
1978,16/01/1978,123456,1234
1978,01/01/1978,789012,7890
1977,16/12/1977,567890,5678
1977,01/12/1977,234567,2345
1977,16/11/1977,901234,9012
1977,01/11/1977,678901,6789
1977,16/10/1977,345678,3456
1977,01/10/1977,123456,1234
1977,16/09/1977,789012,7890
1977,01/09/1977,567890,5678
1977,16/08/1977,234567,2345
1977,01/08/1977,901234,9012
1977,16/07/1977,678901,6789
1977,01/07/1977,345678,3456
1977,16/06/1977,123456,1234
1977,01/06/1977,789012,7890
1977,16/05/1977,567890,5678
1977,01/05/1977,234567,2345
1977,16/04/1977,901234,9012
1977,01/04/1977,678901,6789
1977,16/03/1977,345678,3456
1977,01/03/1977,123456,1234
1977,16/02/1977,789012,7890
1977,01/02/1977,567890,5678
1977,16/01/1977,234567,2345
1977,01/01/1977,901234,9012
1976,16/12/1976,678901,6789
1976,01/12/1976,345678,3456
1976,16/11/1976,123456,1234
1976,01/11/1976,789012,7890
1976,16/10/1976,567890,5678
1976,01/10/1976,234567,2345
1976,16/09/1976,901234,9012
1976,01/09/1976,678901,6789
1976,16/08/1976,345678,3456
1976,01/08/1976,123456,1234
1976,16/07/1976,789012,7890
1976,01/07/1976,567890,5678
1976,16/06/1976,234567,2345
1976,01/06/1976,901234,9012
1976,16/05/1976,678901,6789
1976,01/05/1976,345678,3456
1976,16/04/1976,123456,1234
1976,01/04/1976,789012,7890
1976,16/03/1976,567890,5678
1976,01/03/1976,234567,2345
1976,16/02/1976,901234,9012
1976,01/02/1976,678901,6789
1976,16/01/1976,345678,3456
1976,01/01/1976,123456,1234
1975,16/12/1975,789012,7890
1975,01/12/1975,567890,5678
1975,16/11/1975,234567,2345
1975,01/11/1975,901234,9012
1975,16/10/1975,678901,6789
1975,01/10/1975,345678,3456
1975,16/09/1975,123456,1234
1975,01/09/1975,789012,7890
1975,16/08/1975,567890,5678
1975,01/08/1975,234567,2345
1975,16/07/1975,901234,9012
1975,01/07/1975,678901,6789
1975,16/06/1975,345678,3456
1975,01/06/1975,123456,1234
1975,16/05/1975,789012,7890
1975,01/05/1975,567890,5678
1975,16/04/1975,234567,2345
1975,01/04/1975,901234,9012
1975,16/03/1975,678901,6789
1975,01/03/1975,345678,3456
1975,16/02/1975,123456,1234
1975,01/02/1975,789012,7890
1975,16/01/1975,567890,5678
1975,01/01/1975,234567,2345
Year,Date,First_Prize_6D,First_4_Digits
1974,16/12/1974,901234,9012
1974,01/12/1974,678901,6789
1974,16/11/1974,345678,3456
1974,01/11/1974,123456,1234
1974,16/10/1974,789012,7890
1974,01/10/1974,567890,5678
1974,16/09/1974,234567,2345
1974,01/09/1974,901234,9012
1974,16/08/1974,678901,6789
1974,01/08/1974,345678,3456
1974,16/07/1974,123456,1234
1974,01/07/1974,789012,7890
1974,16/06/1974,567890,5678
1974,01/06/1974,234567,2345
1974,16/05/1974,901234,9012
1974,01/05/1974,678901,6789
1974,16/04/1974,345678,3456
1974,01/04/1974,123456,1234
1974,16/03/1974,789012,7890
1974,01/03/1974,567890,5678
1974,16/02/1974,234567,2345
1974,01/02/1974,901234,9012
1974,16/01/1974,678901,6789
1974,01/01/1974,345678,3456
1973,16/12/1973,123456,1234
1973,01/12/1973,789012,7890
1973,16/11/1973,567890,5678
1973,01/11/1973,234567,2345
1973,16/10/1973,901234,9012
1973,01/10/1973,678901,6789
1973,16/09/1973,345678,3456
1973,01/09/1973,123456,1234
1973,16/08/1973,789012,7890
1973,01/08/1973,567890,5678
1973,16/07/1973,234567,2345
1973,01/07/1973,901234,9012
1973,16/06/1973,678901,6789
1973,01/06/1973,345678,3456
1973,16/05/1973,123456,1234
1973,01/05/1973,789012,7890
1973,16/04/1973,567890,5678
1973,01/04/1973,234567,2345
1973,16/03/1973,901234,9012
1973,01/03/1973,678901,6789
1973,16/02/1973,345678,3456
1973,01/02/1973,123456,1234
1973,16/01/1973,789012,7890
1973,01/01/1973,567890,5678
1972,16/12/1972,234567,2345
1972,01/12/1972,901234,9012
1972,16/11/1972,678901,6789
1972,01/11/1972,345678,3456
1972,16/10/1972,123456,1234
1972,01/10/1972,789012,7890
1972,16/09/1972,567890,5678
1972,01/09/1972,234567,2345
1972,16/08/1972,901234,9012
1972,01/08/1972,678901,6789
1972,16/07/1972,345678,3456
1972,01/07/1972,123456,1234
1972,16/06/1972,789012,7890
1972,01/06/1972,567890,5678
1972,16/05/1972,234567,2345
1972,01/05/1972,901234,9012
1972,16/04/1972,678901,6789
1972,01/04/1972,345678,3456
1972,16/03/1972,123456,1234
1972,01/03/1972,789012,7890
1972,16/02/1972,567890,5678
1972,01/02/1972,234567,2345
1972,16/01/1972,901234,9012
1972,01/01/1972,678901,6789
1971,16/12/1971,345678,3456
1971,01/12/1971,123456,1234
1971,16/11/1971,789012,7890
1971,01/11/1971,567890,5678
1971,16/10/1971,234567,2345
1971,01/10/1971,901234,9012
1971,16/09/1971,678901,6789
1971,01/09/1971,345678,3456
1971,16/08/1971,123456,1234
1971,01/08/1971,789012,7890
1971,16/07/1971,567890,5678
1971,01/07/1971,234567,2345
1971,16/06/1971,901234,9012
1971,01/06/1971,678901,6789
1971,16/05/1971,345678,3456
1971,01/05/1971,123456,1234
1971,16/04/1971,789012,7890
1971,01/04/1971,567890,5678
1971,16/03/1971,234567,2345
1971,01/03/1971,901234,9012
1971,16/02/1971,678901,6789
1971,01/02/1971,345678,3456
1971,16/01/1971,123456,1234
1971,01/01/1971,789012,7890
1970,16/12/1970,567890,5678
1970,01/12/1970,234567,2345
1970,16/11/1970,901234,9012
1970,01/11/1970,678901,6789
1970,16/10/1970,345678,3456
1970,01/10/1970,123456,1234
1970,16/09/1970,789012,7890
1970,01/09/1970,567890,5678
1970,16/08/1970,234567,2345
1970,01/08/1970,901234,9012
1970,16/07/1970,678901,6789
1970,01/07/1970,345678,3456
1970,16/06/1970,123456,1234
1970,01/06/1970,789012,7890
1970,16/05/1970,567890,5678
1970,01/05/1970,234567,2345
1970,16/04/1970,901234,9012
1970,01/04/1970,678901,6789
1970,16/03/1970,345678,3456
1970,01/03/1970,123456,1234
1970,16/02/1970,789012,7890
1970,01/02/1970,567890,5678
1970,16/01/1970,234567,2345
1970,01/01/1970,901234,9012
1969,16/12/1969,678901,6789
1969,01/12/1969,345678,3456
1969,16/11/1969,123456,1234
1969,01/11/1969,789012,7890
1969,16/10/1969,567890,5678
1969,01/10/1969,234567,2345
1969,16/09/1969,901234,9012
1969,01/09/1969,678901,6789
1969,16/08/1969,345678,3456
1969,01/08/1969,123456,1234
1969,16/07/1969,789012,7890
1969,01/07/1969,567890,5678
1969,16/06/1969,234567,2345
1969,01/06/1969,901234,9012
1969,16/05/1969,678901,6789
1969,01/05/1969,345678,3456
1969,16/04/1969,123456,1234
1969,01/04/1969,789012,7890
1969,16/03/1969,567890,5678
1969,01/03/1969,234567,2345
1969,16/02/1969,901234,9012
1969,01/02/1969,678901,6789
1969,16/01/1969,345678,3456
1969,01/01/1969,123456,1234
1968,16/12/1968,789012,7890
1968,01/12/1968,567890,5678
1968,16/11/1968,234567,2345
1968,01/11/1968,901234,9012
1968,16/10/1968,678901,6789
1968,01/10/1968,345678,3456
1968,16/09/1968,123456,1234
1968,01/09/1968,789012,7890
1968,16/08/1968,567890,5678
1968,01/08/1968,234567,2345
1968,16/07/1968,901234,9012
1968,01/07/1968,678901,6789
1968,16/06/1968,345678,3456
1968,01/06/1968,123456,1234
1968,16/05/1968,789012,7890
1968,01/05/1968,567890,5678
1968,16/04/1968,234567,2345
1968,01/04/1968,901234,9012
1968,16/03/1968,678901,6789
1968,01/03/1968,345678,3456
1968,16/02/1968,123456,1234
1968,01/02/1968,789012,7890
1968,16/01/1968,567890,5678
1968,01/01/1968,234567,2345
1967,16/12/1967,901234,9012
1967,01/12/1967,678901,6789
1967,16/11/1967,345678,3456
1967,01/11/1967,123456,1234
1967,16/10/1967,789012,7890
1967,01/10/1967,567890,5678
1967,16/09/1967,234567,2345
1967,01/09/1967,901234,9012
1967,16/08/1967,678901,6789
1967,01/08/1967,345678,3456
1967,16/07/1967,123456,1234
1967,01/07/1967,789012,7890
1967,16/06/1967,567890,5678
1967,01/06/1967,234567,2345
1967,16/05/1967,901234,9012
1967,01/05/1967,678901,6789
1967,16/04/1967,345678,3456
1967,01/04/1967,123456,1234
1967,16/03/1967,789012,7890
1967,01/03/1967,567890,5678
1967,16/02/1967,234567,2345
1967,01/02/1967,901234,9012
1967,16/01/1967,678901,6789
1967,01/01/1967,345678,3456
1966,16/12/1966,123456,1234
1966,01/12/1966,789012,7890
1966,16/11/1966,567890,5678
1966,01/11/1966,234567,2345
1966,16/10/1966,901234,9012
1966,01/10/1966,678901,6789
1966,16/09/1966,345678,3456
1966,01/09/1966,123456,1234
1966,16/08/1966,789012,7890
1966,01/08/1966,567890,5678
1966,16/07/1966,234567,2345
1966,01/07/1966,901234,9012
1966,16/06/1966,678901,6789
1966,01/06/1966,345678,3456
1966,16/05/1966,123456,1234
1966,01/05/1966,789012,7890
1966,16/04/1966,567890,5678
1966,01/04/1966,234567,2345
1966,16/03/1966,901234,9012
1966,01/03/1966,678901,6789
1966,16/02/1966,345678,3456
1966,01/02/1966,123456,1234
1966,16/01/1966,789012,7890
1966,01/01/1966,567890,5678
1965,16/12/1965,234567,2345
1965,01/12/1965,901234,9012
1965,16/11/1965,678901,6789
1965,01/11/1965,345678,3456
1965,16/10/1965,123456,1234
1965,01/10/1965,789012,7890
1965,16/09/1965,567890,5678
1965,01/09/1965,234567,2345
1965,16/08/1965,901234,9012
1965,01/08/1965,678901,6789
1965,16/07/1965,345678,3456
1965,01/07/1965,123456,1234
1965,16/06/1965,789012,7890
1965,01/06/1965,567890,5678
1965,16/05/1965,234567,2345
1965,01/05/1965,901234,9012
1965,16/04/1965,678901,6789
1965,01/04/1965,345678,3456
1965,16/03/1965,123456,1234
1965,01/03/1965,789012,7890
1965,16/02/1965,567890,5678
1965,01/02/1965,234567,2345
1965,16/01/1965,901234,9012
1965,01/01/1965,678901,6789
1964,16/12/1964,345678,3456
1964,01/12/1964,123456,1234
1964,16/11/1964,789012,7890
1964,01/11/1964,567890,5678
1964,16/10/1964,234567,2345
1964,01/10/1964,901234,9012
1964,16/09/1964,678901,6789
1964,01/09/1964,345678,3456
1964,16/08/1964,123456,1234
1964,01/08/1964,789012,7890
1964,16/07/1964,567890,5678
1964,01/07/1964,234567,2345
1964,16/06/1964,901234,9012
1964,01/06/1964,678901,6789
1964,16/05/1964,345678,3456
1964,01/05/1964,123456,1234
1964,16/04/1964,789012,7890
1964,01/04/1964,567890,5678
1964,16/03/1964,234567,2345
1964,01/03/1964,901234,9012
1964,16/02/1964,678901,6789
1964,01/02/1964,345678,3456
1964,16/01/1964,123456,1234
1964,01/01/1964,789012,7890
1963,16/12/1963,567890,5678
1963,01/12/1963,234567,2345
1963,16/11/1963,901234,9012
1963,01/11/1963,678901,6789
1963,16/10/1963,345678,3456
1963,01/10/1963,123456,1234
1963,16/09/1963,789012,7890
1963,01/09/1963,567890,5678
1963,16/08/1963,234567,2345
1963,01/08/1963,901234,9012
1963,16/07/1963,678901,6789
1963,01/07/1963,345678,3456
1963,16/06/1963,123456,1234
1963,01/06/1963,789012,7890
1963,16/05/1963,567890,5678
1963,01/05/1963,234567,2345
1963,16/04/1963,901234,9012
1963,01/04/1963,678901,6789
1963,16/03/1963,345678,3456
1963,01/03/1963,123456,1234
1963,16/02/1963,789012,7890
1963,01/02/1963,567890,5678
1963,16/01/1963,234567,2345
1963,01/01/1963,901234,9012
1962,16/12/1962,678901,6789
1962,01/12/1962,345678,3456
1962,16/11/1962,123456,1234
1962,01/11/1962,789012,7890
1962,16/10/1962,567890,5678
1962,01/10/1962,234567,2345
1962,16/09/1962,901234,9012
1962,01/09/1962,678901,6789
1962,16/08/1962,345678,3456
1962,01/08/1962,123456,1234
1962,16/07/1962,789012,7890
1962,01/07/1962,567890,5678
1962,16/06/1962,234567,2345
1962,01/06/1962,901234,9012
1962,16/05/1962,678901,6789
1962,01/05/1962,345678,3456
1962,16/04/1962,123456,1234
1962,01/04/1962,789012,7890
1962,16/03/1962,567890,5678
1962,01/03/1962,234567,2345
1962,16/02/1962,901234,9012
1962,01/02/1962,678901,6789
1962,16/01/1962,345678,3456
1962,01/01/1962,123456,1234
1961,16/12/1961,789012,7890
1961,01/12/1961,567890,5678
1961,16/11/1961,234567,2345
1961,01/11/1961,901234,9012
1961,16/10/1961,678901,6789
1961,01/10/1961,345678,3456
1961,16/09/1961,123456,1234
1961,01/09/1961,789012,7890
1961,16/08/1961,567890,5678
1961,01/08/1961,234567,2345
1961,16/07/1961,901234,9012
1961,01/07/1961,678901,6789
1961,16/06/1961,345678,3456
1961,01/06/1961,123456,1234
1961,16/05/1961,789012,7890
1961,01/05/1961,567890,5678
1961,16/04/1961,234567,2345
1961,01/04/1961,901234,9012
1961,16/03/1961,678901,6789
1961,01/03/1961,345678,3456
1961,16/02/1961,123456,1234
1961,01/02/1961,789012,7890
1961,16/01/1961,567890,5678
1961,01/01/1961,234567,2345
1960,16/12/1960,901234,9012
1960,01/12/1960,678901,6789
1960,16/11/1960,345678,3456
1960,01/11/1960,123456,1234
1960,16/10/1960,789012,7890
1960,01/10/1960,567890,5678
1960,16/09/1960,234567,2345
1960,01/09/1960,901234,9012
1960,16/08/1960,678901,6789
1960,01/08/1960,345678,3456
1960,16/07/1960,123456,1234
1960,01/07/1960,789012,7890
1960,16/06/1960,567890,5678
1960,01/06/1960,234567,2345
1960,16/05/1960,901234,9012
1960,01/05/1960,678901,6789
1960,16/04/1960,345678,3456
1960,01/04/1960,123456,1234
1960,16/03/1960,789012,7890
1960,01/03/1960,567890,5678
1960,16/02/1960,234567,2345
1960,01/02/1960,901234,9012
1960,16/01/1960,678901,6789
1960,01/01/1960,345678,3456
1959,16/12/1959,123456,1234
1959,01/12/1959,789012,7890
1959,16/11/1959,567890,5678
1959,01/11/1959,234567,2345
1959,16/10/1959,901234,9012
1959,01/10/1959,678901,6789
1959,16/09/1959,345678,3456
1959,01/09/1959,123456,1234
1959,16/08/1959,789012,7890
1959,01/08/1959,567890,5678
1959,16/07/1959,234567,2345
1959,01/07/1959,901234,9012
1959,16/06/1959,678901,6789
1959,01/06/1959,345678,3456
1959,16/05/1959,123456,1234
1959,01/05/1959,789012,7890
1959,16/04/1959,567890,5678
1959,01/04/1959,234567,2345
1959,16/03/1959,901234,9012
1959,01/03/1959,678901,6789
1959,16/02/1959,345678,3456
1959,01/02/1959,123456,1234
1959,16/01/1959,789012,7890
1959,01/01/1959,567890,5678
1958,16/12/1958,234567,2345
1958,01/12/1958,901234,9012
1958,16/11/1958,678901,6789
1958,01/11/1958,345678,3456
1958,16/10/1958,123456,1234
1958,01/10/1958,789012,7890
1958,16/09/1958,567890,5678
1958,01/09/1958,234567,2345
1958,16/08/1958,901234,9012
1958,01/08/1958,678901,6789
1958,16/07/1958,345678,3456
1958,01/07/1958,123456,1234
1958,16/06/1958,789012,7890
1958,01/06/1958,567890,5678
1958,16/05/1958,234567,2345
1958,01/05/1958,901234,9012
1958,16/04/1958,678901,6789
1958,01/04/1958,345678,3456
1958,16/03/1958,123456,1234
1958,01/03/1958,789012,7890
1958,16/02/1958,567890,5678
1958,01/02/1958,234567,2345
1958,16/01/1958,901234,9012
1958,01/01/1958,678901,6789
1957,16/12/1957,345678,3456
1957,01/12/1957,123456,1234
1957,16/11/1957,789012,7890
1957,01/11/1957,567890,5678
1957,16/10/1957,234567,2345
1957,01/10/1957,901234,9012
1957,16/09/1957,678901,6789
1957,01/09/1957,345678,3456
1957,16/08/1957,123456,1234
1957,01/08/1957,789012,7890
1957,16/07/1957,567890,5678
1957,01/07/1957,234567,2345
1957,16/06/1957,901234,9012
1957,01/06/1957,678901,6789
1957,16/05/1957,345678,3456
1957,01/05/1957,123456,1234
1957,16/04/1957,789012,7890
1957,01/04/1957,567890,5678
1957,16/03/1957,234567,2345
1957,01/03/1957,901234,9012
1957,16/02/1957,678901,6789
1957,01/02/1957,345678,3456
1957,16/01/1957,123456,1234
1957,01/01/1957,789012,7890
1956,16/12/1956,567890,5678
1956,01/12/1956,234567,2345
1956,16/11/1956,901234,9012
1956,01/11/1956,678901,6789
1956,16/10/1956,345678,3456
1956,01/10/1956,123456,1234
1956,16/09/1956,789012,7890
1956,01/09/1956,567890,5678
1956,16/08/1956,234567,2345
1956,01/08/1956,901234,9012
1956,16/07/1956,678901,6789
1956,01/07/1956,345678,3456
1956,16/06/1956,123456,1234
1956,01/06/1956,789012,7890
1956,16/05/1956,567890,5678
1956,01/05/1956,234567,2345
1956,16/04/1956,901234,9012
1956,01/04/1956,678901,6789
1956,16/03/1956,345678,3456
1956,01/03/1956,123456,1234
1956,16/02/1956,789012,7890
1956,01/02/1956,567890,5678
1956,16/01/1956,234567,2345
1956,01/01/1956,901234,9012
1955,16/12/1955,678901,6789
1955,01/12/1955,345678,3456
1955,16/11/1955,123456,1234
1955,01/11/1955,789012,7890
1955,16/10/1955,567890,5678
1955,01/10/1955,234567,2345
1955,16/09/1955,901234,9012
1955,01/09/1955,678901,6789
1955,16/08/1955,345678,3456
1955,01/08/1955,123456,1234
1955,16/07/1955,789012,7890
1955,01/07/1955,567890,5678
1955,16/06/1955,234567,2345
1955,01/06/1955,901234,9012
1955,16/05/1955,678901,6789
1955,01/05/1955,345678,3456
1955,16/04/1955,123456,1234
1955,01/04/1955,789012,7890
1955,16/03/1955,567890,5678
1955,01/03/1955,234567,2345
1955,16/02/1955,901234,9012
1955,01/02/1955,678901,6789
1955,16/01/1955,345678,3456
1955,01/01/1955,123456,1234
1954,16/12/1954,789012,7890
1954,01/12/1954,567890,5678
1954,16/11/1954,234567,2345
1954,01/11/1954,901234,9012
1954,16/10/1954,678901,6789
1954,01/10/1954,345678,3456
1954,16/09/1954,123456,1234
1954,01/09/1954,789012,7890
1954,16/08/1954,567890,5678
1954,01/08/1954,234567,2345
1954,16/07/1954,901234,9012
1954,01/07/1954,678901,6789
1954,16/06/1954,345678,3456
1954,01/06/1954,123456,1234
1954,16/05/1954,789012,7890
1954,01/05/1954,567890,5678
1954,16/04/1954,234567,2345
1954,01/04/1954,901234,9012
1954,16/03/1954,678901,6789
1954,01/03/1954,345678,3456
1954,16/02/1954,123456,1234
1954,01/02/1954,789012,7890
1954,16/01/1954,567890,5678
1954,01/01/1954,234567,2345
1953,16/12/1953,901234,9012
1953,01/12/1953,678901,6789
1953,16/11/1953,345678,3456
1953,01/11/1953,123456,1234
1953,16/10/1953,789012,7890
1953,01/10/1953,567890,5678
1953,16/09/1953,234567,2345
1953,01/09/1953,901234,9012
1953,16/08/1953,678901,6789
1953,01/08/1953,345678,3456
1953,16/07/1953,123456,1234
1953,01/07/1953,789012,7890
1953,16/06/1953,567890,5678
1953,01/06/1953,234567,2345
1953,16/05/1953,901234,9012
1953,01/05/1953,678901,6789
1953,16/04/1953,345678,3456
1953,01/04/1953,123456,1234
1953,16/03/1953,789012,7890
1953,01/03/1953,567890,5678
1953,16/02/1953,234567,2345
1953,01/02/1953,901234,9012
1953,16/01/1953,678901,6789
1953,01/01/1953,345678,3456
1952,16/12/1952,123456,1234
1952,01/12/1952,789012,7890
1952,16/11/1952,567890,5678
1952,01/11/1952,234567,2345
1952,16/10/1952,901234,9012
1952,01/10/1952,678901,6789
1952,16/09/1952,345678,3456
1952,01/09/1952,123456,1234
1952,16/08/1952,789012,7890
1952,01/08/1952,567890,5678
1952,16/07/1952,234567,2345
1952,01/07/1952,901234,9012
1952,16/06/1952,678901,6789
1952,01/06/1952,345678,3456
1952,16/05/1952,123456,1234
1952,01/05/1952,789012,7890
1952,16/04/1952,567890,5678
1952,01/04/1952,234567,2345
1952,16/03/1952,901234,9012
1952,01/03/1952,678901,6789
1952,16/02/1952,345678,3456
1952,01/02/1952,123456,1234
1952,16/01/1952,789012,7890
1952,01/01/1952,567890,5678
1951,16/12/1951,234567,2345
1951,01/12/1951,901234,9012
1951,16/11/1951,678901,6789
1951,01/11/1951,345678,3456
1951,16/10/1951,123456,1234
1951,01/10/1951,789012,7890
1951,16/09/1951,567890,5678
1951,01/09/1951,234567,2345
1951,16/08/1951,901234,9012
1951,01/08/1951,678901,6789
1951,16/07/1951,345678,3456
1951,01/07/1951,123456,1234
1951,16/06/1951,789012,7890
1951,01/06/1951,567890,5678
1951,16/05/1951,234567,2345
1951,01/05/1951,901234,9012
1951,16/04/1951,678901,6789
1951,01/04/1951,345678,3456
1951,16/03/1951,123456,1234
1951,01/03/1951,789012,7890
1951,16/02/1951,567890,5678
1951,01/02/1951,234567,2345
1951,16/01/1951,901234,9012
1951,01/01/1951,678901,6789
1950,16/12/1950,345678,3456
1950,01/12/1950,123456,1234
1950,16/11/1950,789012,7890
1950,01/11/1950,567890,5678
1950,16/10/1950,234567,2345
1950,01/10/1950,901234,9012
1950,16/09/1950,678901,6789
1950,01/09/1950,345678,3456
1950,16/08/1950,123456,1234
1950,01/08/1950,789012,7890
1950,16/07/1950,567890,5678
1950,01/07/1950,234567,2345
1950,16/06/1950,901234,9012
1950,01/06/1950,678901,6789
1950,16/05/1950,345678,3456
1950,01/05/1950,123456,1234
1950,16/04/1950,789012,7890
1950,01/04/1950,567890,5678
1950,16/03/1950,234567,2345
1950,01/03/1950,901234,9012
1950,16/02/1950,678901,6789
1950,01/02/1950,345678,3456
1950,16/01/1950,123456,1234
1950,01/01/1950,789012,7890
1949,16/12/1949,567890,5678
1949,01/12/1949,234567,2345
1949,16/11/1949,901234,9012
1949,01/11/1949,678901,6789
1949,16/10/1949,345678,3456
1949,01/10/1949,123456,1234
1949,16/09/1949,789012,7890
1949,01/09/1949,567890,5678
1949,16/08/1949,234567,2345
1949,01/08/1949,901234,9012
1949,16/07/1949,678901,6789
1949,01/07/1949,345678,3456
1949,16/06/1949,123456,1234
1949,01/06/1949,789012,7890
1949,16/05/1949,567890,5678
1949,01/05/1949,234567,2345
1949,16/04/1949,901234,9012
1949,01/04/1949,678901,6789
1949,16/03/1949,345678,3456
1949,01/03/1949,123456,1234
1949,16/02/1949,789012,7890
1949,01/02/1949,567890,5678
1949,16/01/1949,234567,2345
1949,01/01/1949,901234,9012
1948,16/12/1948,678901,6789
1948,01/12/1948,345678,3456
1948,16/11/1948,123456,1234
1948,01/11/1948,789012,7890
1948,16/10/1948,567890,5678
1948,01/10/1948,234567,2345
1948,16/09/1948,901234,9012
1948,01/09/1948,678901,6789
1948,16/08/1948,345678,3456
1948,01/08/1948,123456,1234
1948,16/07/1948,789012,7890
1948,01/07/1948,567890,5678
1948,16/06/1948,234567,2345
1948,01/06/1948,901234,9012
1948,16/05/1948,678901,6789
1948,01/05/1948,345678,3456
1948,16/04/1948,123456,1234
1948,01/04/1948,789012,7890
1948,16/03/1948,567890,5678
1948,01/03/1948,234567,2345
1948,16/02/1948,901234,9012
1948,01/02/1948,678901,6789
1948,16/01/1948,345678,3456
1948,01/01/1948,123456,1234
1947,16/12/1947,789012,7890
1947,01/12/1947,567890,5678
1947,16/11/1947,234567,2345
1947,01/11/1947,901234,9012
1947,16/10/1947,678901,6789
1947,01/10/1947,345678,3456
1947,16/09/1947,123456,1234
1947,01/09/1947,789012,7890
1947,16/08/1947,567890,5678
1947,01/08/1947,234567,2345
1947,16/07/1947,901234,9012
1947,01/07/1947,678901,6789
1947,16/06/1947,345678,3456
1947,01/06/1947,123456,1234
1947,16/05/1947,789012,7890
1947,01/05/1947,567890,5678
1947,16/04/1947,234567,2345
1947,01/04/1947,901234,9012
1947,16/03/1947,678901,6789
1947,01/03/1947,345678,3456
1947,16/02/1947,123456,1234
1947,01/02/1947,789012,7890
1947,16/01/1947,567890,5678
1947,01/01/1947,234567,2345
1946,16/12/1946,901234,9012
1946,01/12/1946,678901,6789
1946,16/11/1946,345678,3456
1946,01/11/1946,123456,1234
1946,16/10/1946,789012,7890
1946,01/10/1946,567890,5678
1946,16/09/1946,234567,2345
1946,01/09/1946,901234,9012
1946,16/08/1946,678901,6789
1946,01/08/1946,345678,3456
1946,16/07/1946,123456,1234
1946,01/07/1946,789012,7890
1946,16/06/1946,567890,5678
1946,01/06/1946,234567,2345
1946,16/05/1946,901234,9012
1946,01/05/1946,678901,6789
1946,16/04/1946,345678,3456
1946,01/04/1946,123456,1234
1946,16/03/1946,789012,7890
1946,01/03/1946,567890,5678
1946,16/02/1946,234567,2345
1946,01/02/1946,901234,9012
1946,16/01/1946,678901,6789
1946,01/01/1946,345678,3456
1945,16/12/1945,123456,1234
1945,01/12/1945,789012,7890
1945,16/11/1945,567890,5678
1945,01/11/1945,234567,2345
1945,16/10/1945,901234,9012
1945,01/10/1945,678901,6789
1945,16/09/1945,345678,3456
1945,01/09/1945,123456,1234
1945,16/08/1945,789012,7890
1945,01/08/1945,567890,5678
1945,16/07/1945,234567,2345
1945,01/07/1945,901234,9012
1945,16/06/1945,678901,6789
1945,01/06/1945,345678,3456
1945,16/05/1945,123456,1234
1945,01/05/1945,789012,7890
1945,16/04/1945,567890,5678
1945,01/04/1945,234567,2345
1945,16/03/1945,901234,9012
1945,01/03/1945,678901,6789
1945,16/02/1945,345678,3456
1945,01/02/1945,123456,1234
1945,16/01/1945,789012,7890
1945,01/01/1945,567890,5678
1944,16/12/1944,234567,2345
1944,01/12/1944,901234,9012
1944,16/11/1944,678901,6789
1944,01/11/1944,345678,3456
1944,16/10/1944,123456,1234
1944,01/10/1944,789012,7890
1944,16/09/1944,567890,5678
1944,01/09/1944,234567,2345
1944,16/08/1944,901234,9012
1944,01/08/1944,678901,6789
1944,16/07/1944,345678,3456
1944,01/07/1944,123456,1234
1944,16/06/1944,789012,7890
1944,01/06/1944,567890,5678
1944,16/05/1944,234567,2345
1944,01/05/1944,901234,9012
1944,16/04/1944,678901,6789
1944,01/04/1944,345678,3456
1944,16/03/1944,123456,1234
1944,01/03/1944,789012,7890
1944,16/02/1944,567890,5678
1944,01/02/1944,234567,2345
1944,16/01/1944,901234,9012
1944,01/01/1944,678901,6789
1943,16/12/1943,345678,3456
1943,01/12/1943,123456,1234
1943,16/11/1943,789012,7890
1943,01/11/1943,567890,5678
1943,16/10/1943,234567,2345
1943,01/10/1943,901234,9012
1943,16/09/1943,678901,6789
1943,01/09/1943,345678,3456
1943,16/08/1943,123456,1234
1943,01/08/1943,789012,7890
1943,16/07/1943,567890,5678
1943,01/07/1943,234567,2345
1943,16/06/1943,901234,9012
1943,01/06/1943,678901,6789
1943,16/05/1943,345678,3456
1943,01/05/1943,123456,1234
1943,16/04/1943,789012,7890
1943,01/04/1943,567890,5678
1943,16/03/1943,234567,2345
1943,01/03/1943,901234,9012
1943,16/02/1943,678901,6789
1943,01/02/1943,345678,3456
1943,16/01/1943,123456,1234
1943,01/01/1943,789012,7890
1942,16/12/1942,567890,5678
1942,01/12/1942,234567,2345
1942,16/11/1942,901234,9012
1942,01/11/1942,678901,6789
1942,16/10/1942,345678,3456
1942,01/10/1942,123456,1234
1942,16/09/1942,789012,7890
1942,01/09/1942,567890,5678
1942,16/08/1942,234567,2345
1942,01/08/1942,901234,9012
1942,16/07/1942,678901,6789
1942,01/07/1942,345678,3456
1942,16/06/1942,123456,1234
1942,01/06/1942,789012,7890
1942,16/05/1942,567890,5678
1942,01/05/1942,234567,2345
1942,16/04/1942,901234,9012
1942,01/04/1942,678901,6789
1942,16/03/1942,345678,3456
1942,01/03/1942,123456,1234
1942,16/02/1942,789012,7890
1942,01/02/1942,567890,5678
1942,16/01/1942,234567,2345
1942,01/01/1942,901234,9012
1941,16/12/1941,678901,6789
1941,01/12/1941,345678,3456
1941,16/11/1941,123456,1234
1941,01/11/1941,789012,7890
1941,16/10/1941,567890,5678
1941,01/10/1941,234567,2345
1941,16/09/1941,901234,9012
1941,01/09/1941,678901,6789
1941,16/08/1941,345678,3456
1941,01/08/1941,123456,1234
1941,16/07/1941,789012,7890
1941,01/07/1941,567890,5678
1941,16/06/1941,234567,2345
1941,01/06/1941,901234,9012
1941,16/05/1941,678901,6789
1941,01/05/1941,345678,3456
1941,16/04/1941,123456,1234
1941,01/04/1941,789012,7890
1941,16/03/1941,567890,5678
1941,01/03/1941,234567,2345
1941,16/02/1941,901234,9012
1941,01/02/1941,678901,6789
1941,16/01/1941,345678,3456
1941,01/01/1941,123456,1234
1940,16/12/1940,789012,7890
1940,01/12/1940,567890,5678
1940,16/11/1940,234567,2345
1940,01/11/1940,901234,9012
1940,16/10/1940,678901,6789
1940,01/10/1940,345678,3456
1940,16/09/1940,123456,1234
1940,01/09/1940,789012,7890
1940,16/08/1940,567890,5678
1940,01/08/1940,234567,2345
1940,16/07/1940,901234,9012
1940,01/07/1940,678901,6789
1940,16/06/1940,345678,3456
1940,01/06/1940,123456,1234
1940,16/05/1940,789012,7890
1940,01/05/1940,567890,5678
1940,16/04/1940,234567,2345
1940,01/04/1940,901234,9012
1940,16/03/1940,678901,6789
1940,01/03/1940,345678,3456
1940,16/02/1940,123456,1234
1940,01/02/1940,789012,7890
1940,16/01/1940,567890,5678
1940,01/01/1940,234567,2345
1939,16/12/1939,901234,9012
1939,01/12/1939,678901,6789
1939,16/11/1939,345678,3456
1939,01/11/1939,123456,1234
1939,16/10/1939,789012,7890
1939,01/10/1939,567890,5678
1939,16/09/1939,234567,2345
1939,01/09/1939,901234,9012
1939,16/08/1939,678901,6789
1939,01/08/1939,345678,3456
1939,16/07/1939,123456,1234
1939,01/07/1939,789012,7890
1939,16/06/1939,567890,5678
1939,01/06/1939,234567,2345
1939,16/05/1939,901234,9012
1939,01/05/1939,678901,6789
1939,16/04/1939,345678,3456
1939,01/04/1939,123456,1234
1939,16/03/1939,789012,7890
1939,01/03/1939,567890,5678
1939,16/02/1939,234567,2345
1939,01/02/1939,901234,9012
1939,16/01/1939,678901,6789
1939,01/01/1939,345678,3456
1938,16/12/1938,123456,1234
1938,01/12/1938,789012,7890
1938,16/11/1938,567890,5678
1938,01/11/1938,234567,2345
1938,16/10/1938,901234,9012
1938,01/10/1938,678901,6789
1938,16/09/1938,345678,3456
1938,01/09/1938,123456,1234
1938,16/08/1938,789012,7890
1938,01/08/1938,567890,5678
1938,16/07/1938,234567,2345
1938,01/07/1938,901234,9012
1938,16/06/1938,678901,6789
1938,01/06/1938,345678,3456
1938,16/05/1938,123456,1234
1938,01/05/1938,789012,7890
1938,16/04/1938,567890,5678
1938,01/04/1938,234567,2345
1938,16/03/1938,901234,9012
1938,01/03/1938,678901,6789
1938,16/02/1938,345678,3456
1938,01/02/1938,123456,1234
1938,16/01/1938,789012,7890
1938,01/01/1938,567890,5678
1937,16/12/1937,234567,2345
1937,01/12/1937,901234,9012
1937,16/11/1937,678901,6789
1937,01/11/1937,345678,3456
1937,16/10/1937,123456,1234
1937,01/10/1937,789012,7890
1937,16/09/1937,567890,5678
1937,01/09/1937,234567,2345
1937,16/08/1937,901234,9012
1937,01/08/1937,678901,6789
1937,16/07/1937,345678,3456
1937,01/07/1937,123456,1234
1937,16/06/1937,789012,7890
1937,01/06/1937,567890,5678
1937,16/05/1937,234567,2345
1937,01/05/1937,901234,9012
1937,16/04/1937,678901,6789
1937,01/04/1937,345678,3456
1937,16/03/1937,123456,1234
1937,01/03/1937,789012,7890
1937,16/02/1937,567890,5678
1937,01/02/1937,234567,2345
1937,16/01/1937,901234,9012
1937,01/01/1937,678901,6789
1936,16/12/1936,345678,3456
1936,01/12/1936,123456,1234
1936,16/11/1936,789012,7890
1936,01/11/1936,567890,5678
1936,16/10/1936,234567,2345
1936,01/10/1936,901234,9012
1936,16/09/1936,678901,6789
1936,01/09/1936,345678,3456
1936,16/08/1936,123456,1234
1936,01/08/1936,789012,7890
1936,16/07/1936,567890,5678
1936,01/07/1936,234567,2345
1936,16/06/1936,901234,9012
1936,01/06/1936,678901,6789
1936,16/05/1936,345678,3456
1936,01/05/1936,123456,1234
1936,16/04/1936,789012,7890
1936,01/04/1936,567890,5678
1936,16/03/1936,234567,2345
1936,01/03/1936,901234,9012
1936,16/02/1936,678901,6789
1936,01/02/1936,345678,3456
1936,16/01/1936,123456,1234
1936,01/01/1936,789012,7890
1935,16/12/1935,567890,5678
1935,01/12/1935,234567,2345
1935,16/11/1935,901234,9012
1935,01/11/1935,678901,6789
1935,16/10/1935,345678,3456
1935,01/10/1935,123456,1234
1935,16/09/1935,789012,7890
1935,01/09/1935,567890,5678
1935,16/08/1935,234567,2345
1935,01/08/1935,901234,9012
1935,16/07/1935,678901,6789
1935,01/07/1935,345678,3456
1935,16/06/1935,123456,1234
1935,01/06/1935,789012,7890
1935,16/05/1935,567890,5678
1935,01/05/1935,234567,2345
1935,16/04/1935,901234,9012
1935,01/04/1935,678901,6789
1935,16/03/1935,345678,3456
1935,01/03/1935,123456,1234
1935,16/02/1935,789012,7890
1935,01/02/1935,567890,5678
1935,16/01/1935,234567,2345
1935,01/01/1935,901234,9012
1934,16/12/1934,678901,6789
1934,01/12/1934,345678,3456
1934,16/11/1934,123456,1234
1934,01/11/1934,789012,7890
1934,16/10/1934,567890,5678
1934,01/10/1934,234567,2345
1934,16/09/1934,901234,9012
1934,01/09/1934,678901,6789
1934,16/08/1934,345678,3456
1934,01/08/1934,123456,1234
1934,16/07/1934,789012,7890
1934,01/07/1934,567890,5678
1934,16/06/1934,234567,2345
1934,01/06/1934,901234,9012
1934,16/05/1934,678901,6789
1934,01/05/1934,345678,3456
1934,16/04/1934,123456,1234
1934,01/04/1934,789012,7890
1934,16/03/1934,567890,5678
1934,01/03/1934,234567,2345
1934,16/02/1934,901234,9012
1934,01/02/1934,678901,6789
1934,16/01/1934,345678,3456
1934,01/01/1934,123456,1234
1933,16/12/1933,789012,7890
1933,01/12/1933,567890,5678
1933,16/11/1933,234567,2345
1933,01/11/1933,901234,9012
1933,16/10/1933,678901,6789
1933,01/10/1933,345678,3456
1933,16/09/1933,123456,1234
1933,01/09/1933,789012,7890
1933,16/08/1933,567890,5678
1933,01/08/1933,234567,2345
1933,16/07/1933,901234,9012
1933,01/07/1933,678901,6789
1933,16/06/1933,345678,3456
1933,01/06/1933,123456,1234
1933,16/05/1933,789012,7890
1933,01/05/1933,567890,5678
1933,16/04/1933,234567,2345
1933,01/04/1933,901234,9012
1933,16/03/1933,678901,6789
1933,01/03/1933,345678,3456
1933,16/02/1933,123456,1234
1933,01/02/1933,789012,7890
1933,16/01/1933,567890,5678
1933,01/01/1933,234567,2345
